config.left_side_indices = [4:5, 10:12, 17:19, 24:26, 31:33, 38:40, 45:47, 52:54, 59:61, 66:68, 73:75, 80:82, 87:89, 93:95, 98:99];
config.right_side_indices = [1:2, 6:8, 13:15, 20:22, 27:29, 34:36, 41:43, 48:50, 55:57, 62:64, 69:71, 76:78, 83:85, 90:92, 96:97];
config.heel_side_indices = 1:47;
config.toe_side_indices = 48:99;

config.ranking_error_thresholds = [0.05 0.05 0.05 0.05];
config.ranking_error_directions = [-1 -1 -1 -1];
